24,104
24,103
24,102
24,118
24,117
24,116
24,115
24,114
24,312
24,311
24,307
24,284
24,283
24,282
24,281
24,280
24,279
24,278
24,277
24,276
24,275
24,274
24,273
24,272
24,271
24,270
24,269
24,268
24,267
24,266
24,265
24,264
24,263
24,113
24,112
24,111
24,110
24,109
24,108
24,107
24,106
24,105
24,101
24,100
24,82
24,81
24,80
24,98
24,97
24,96
24,95
24,94
24,93
24,92
24,91
24,90
24,89
24,88
24,87
24,86
24,85
24,84
24,83
24,99
3,1
3,3
10,173
10,95
10,263
10,111
10,245
10,283
10,289
10,177
10,2
10,3
11,15
11,12
11,2
11,3
9,7
9,5
8,18
8,14
8,9
8,4
8,11
8,10
25,4
25,3
25,1
24,319
24,318
24,317
24,316
24,315
24,314
24,313
24,310
24,309
24,308
24,306
24,305
